-0.1842644992284477, 0.2921701120212674,
-0.1842644992284477, 0.25321762124076486,
-0.1875121560879052, 0.25321762124076486,
-0.24609079957008365, 0.19463897775858638,
-0.2460907995700836, -0.19463897775858643,
-0.18751215608790514, -0.25321762124076486,
-0.18426449922844765, -0.25321762124076486,
-0.18426449922844765, -0.2921701120212674,
-0.12568585574626917, -0.35074875550344586,
0.12568585574626928, -0.35074875550344586,
0.1842644992284477, -0.2921701120212674,
0.1842644992284477, -0.2867849264293909,
0.5420851367525756, -0.28678492642939085,
0.6006637802347541, -0.22820628294721237,
0.6006637802347541, 0.22820628294721254,
0.5420851367525756, 0.28678492642939096,
0.18426449922844765, 0.2867849264293909,
0.18426449922844765, 0.2921701120212674,
0.12568585574626917, 0.35074875550344586,
-0.12568585574626928, 0.35074875550344586