[
    [0.15426449943333864, -0.2590330271050334],
    [0.15426449943333864, -0.17321762116625905],
    [0.20437507098540664, -0.17321762116625905],
    [0.2160907993093133, -0.1615018928423524],
    [0.2160907993093133, 0.1615018928423524],
    [0.20437507098540664, 0.17321762116625905],
    [0.15426449943333864, 0.17321762116625905],
    [0.15426449943333864, 0.2590330271050334],
    [0.14254877110943198, 0.27074875542894006],
    [-0.09254877083003521, 0.27074875542894006],
    [-0.10426449915394187, 0.2590330271050334],
    [-0.10426449915394187, 0.2067849263548851],
    [-0.5089480518363416, 0.2067849263548851],
    [-0.5206637801602483, 0.19506919803097844],
    [-0.5206637801602483, -0.19506919803097844],
    [-0.5089480518363416, -0.2067849263548851],
    [-0.10426449915394187, -0.2067849263548851],
    [-0.10426449915394187, -0.2590330271050334],
    [-0.09254877083003521, -0.27074875542894006],
    [0.14254877110943198, -0.27074875542894006]
]